v -2.316482 0.000000 18.022587
v -3.363011 0.000000 16.863218
v -4.280302 0.000000 15.985210
v -5.033103 0.000000 14.915356
v -5.592484 0.000000 13.694767
v -5.936949 0.000000 12.370352
v -6.053261 0.000000 10.993006
v -5.936949 0.000000 9.615661
v -5.592484 0.000000 8.291245
v -5.033103 0.000000 7.070658
v -4.280302 0.000000 6.000803
v -3.363012 0.000000 5.122796
v -2.452488 -0.016647 4.214639
v -1.180933 0.000000 3.207469
v 0.000000 0.000000 1.970570
v -1.180931 0.000000 18.915718
v 0.009865 0.117721 19.928122
v -2.452488 -0.016647 4.214639
v 2.365956 0.000000 22.093866
v 3.404291 0.000000 23.260580
v 4.315372 0.000000 24.145029
v 5.060616 0.000000 25.220161
v 5.611382 0.000000 26.444662
v 5.946507 0.000000 27.771471
v 6.053111 0.000000 29.149603
v 5.927096 0.000000 30.526094
v 5.573308 0.000000 31.848049
v 5.005340 0.000000 33.064667
v 4.245019 0.000000 34.129189
v 3.321565 0.000000 35.000710
v 2.404665 -0.016647 35.902428
v 1.126045 0.000000 36.900616
v -0.063574 0.000000 38.129162
v 1.236727 0.000000 21.192757
v 0.053095 0.117721 20.171986
v 2.404665 -0.016647 35.902428
v -2.221041 0.000000 54.229786
v -3.283180 0.000000 53.084702
v -4.212280 0.000000 52.219200
v -4.979506 0.000000 51.159645
v -5.555371 0.000000 49.946743
v -5.917746 0.000000 48.627117
v -6.052705 0.000000 47.251472
v -5.955063 0.000000 45.872681
v -5.628571 0.000000 44.543720
v -5.085776 0.000000 43.315666
v -4.347537 0.000000 42.235710
v -3.442226 0.000000 41.345360
v -2.544088 -0.016647 40.424950
v -1.286294 0.000000 39.400646
v -0.122225 0.000000 38.147861
v -1.073495 0.000000 55.107452
v 0.130906 0.117721 56.103634
v -2.544088 -0.016647 40.424950
